Percentage	1Pipe-RO	1Pipe-WO	1Pipe-WR	FaRM-RO	FaRM-WO	FaRM-WR
0.1	20.987164	31.89425582	31.56096093	11.08060343	32.9749897	44.05147873
0.2	21.82890743	32.12888037	31.33615262	11.79435692	33.89362577	45.01677043
0.5	21.13500007	31.40173982	31.34016494	12.98527035	36.72441876	49.65677531
1	21.54451415	32.07775094	32.12501156	15.34507469	40.68787614	56.97047403
2	21.31073342	32.20343235	31.68718547	19.48974765	48.41419979	71.9399365
5	21.44879983	32.11105308	32.08776891	32.27849131	73.66919557	113.6511031
10	21.43067648	31.25697926	32.20042913	53.87147154	113.4668239	185.314637
20	21.06844096	32.4027745	31.55140865	98.10615722	197.8191745	331.5301639
50	20.98879217	31.83104025	31.26682449	229.1662377	450.6259223	757.19005
