Processes	1Pipe/Unif	FaRM/Unif	NonTX/Unif	1Pipe/YCSB	FaRM/YCSB	NonTX/YCSB
1	1.894897623	0.900511245	2.103424595	1.922348532	0.862482267	1.998068704
2	1.810063758	0.911901309	2.094607491	1.85927711	0.884109268	1.887901548
4	1.90682338	0.842590151	2.161907448	1.617945868	0.686968009	1.862057819
8	1.896339164	0.779726758	2.0172756	1.601833153	0.733429953	1.719478748
16	1.858512005	0.92865096	1.927353396	1.594983495	0.665706971	1.591756195
32	1.922297019	0.909545565	2.019469409	1.485182303	0.563633283	1.659287833
64	1.797313329	1.009030426	1.976137169	1.381835002	0.373088022	1.654335301
128	1.896016104	0.987944112	1.966333323	1.367101411	0.210487662	1.497656107
256	1.824860176	0.839512696	2.023741328	1.363409644	0.114608174	1.43622767
512	1.876926971	0.835331958	2.069282674	1.260588425	0.066168976	1.484798008
