NumKeys	1Pipe/Unif	FaRM/Unif	NonTX/Unif	1Pipe/YCSB	FaRM/YCSB	NonTX/YCSB
2	1.916748777	0.919870387	1.993237317	1.303754527	0.569928449	1.406197275
4	1.912967218	0.883788525	2.088267838	1.301218534	0.402426097	1.457512953
8	1.921219293	0.921718499	2.125787714	1.30578286	0.2496997	1.437009419
16	1.949285809	0.930589673	2.070774771	1.337109181	0.150917612	1.428114241
32	1.891630567	0.908821157	2.086330521	1.33622636	0.081642983	1.423044746
64	1.92718253	0.931630411	2.034937454	1.334813668	0.04288936	1.423659413
128	1.889176194	0.912289483	2.177853973	1.279127802	0.02176453	1.456699522
256	1.850055156	0.886781213	2.06232721	1.291389433	0.0109369	1.462308709
512	1.878702064	0.938525768	1.997570088	1.308601582	0.005573695	1.461193554
