Num	1Pipe/chip	SwitchSeq	HostSeq	Token	Lamport	1Pipe/host
2	4.13 	4.1	5.79	2.457880467	6.64293229	5.52 
4	4.49 	4.35	6.23	4.264133141	7.709001383	5.81 
8	4.50 	4.52	6.59	7.276882112	8.131317414	5.84 
16	5.67 	6.74	56.32	18.11048322	21.0423882	10.23 
32	7.03 	9.27	59.17	33.08392245	24.31542862	14.58 
64	7.12 	14.83	56.34	57.31262637	31.38273261	15.57 
128	7.09 	28.33	60.25	137.6718086	44.41919099	15.62 
256	7.25 	68.71	62.88	315.2221822	71.02876481	15.78 
512	7.37 	79.32	61.46	604.387922	155.5432943	15.97 
