Num	1Pipe/BE	1Pipe/R	SwitchSeq	HostSeq	Token	Lamport
2	5.09899328	3.872733295	5.39893092	5.03027672	1.963891093	5.061560865
4	5.296764925	4.007588668	5.2634295	5.107666088	0.984806711	5.221319428
8	5.126396938	3.884530225	5.015638759	5.131644386	0.4541662	5.184842905
16	5.097321306	3.850144299	5.224243831	3.328836936	0.244494791	5.327456441
32	5.134980319	3.883220294	4.993180019	1.689874285	0.120741286	4.649715503
64	5.258893259	3.985060698	5.326914061	0.85254621	0.054322534	2.716036702
128	5.138986064	3.890564301	4.778991063	0.395713831	0.029574778	2.64016993
256	5.271556418	3.992923121	2.555833589	0.202905232	0.015011252	2.65266958
512	4.991986672	3.781950184	1.276131664	0.10599868	0.007447592	2.418169922

