LossRate	1Pipe	Lock	OCC	NonTX
0	1.295034715	0.465669972	0.586192355	1.792786075
1e-6	1.306366825	0.472127931	0.593115692	1.734365578
1e-5	1.314935245	0.452593695	0.574834083	1.766367113
1e-4	1.275970579	0.41024835	0.529274389	1.809971867
1e-3	1.320828309	0.233466017	0.357182092	1.790930671
1e-2	1.24142113	0.186414726	0.294891659	1.779993913
2e-2	1.156055595	0.161302887	0.287359413	1.731602039
5e-2	1.019199952	0.132170553	0.264756091	1.604225054
1e-1	0.778111983	0.115174317	0.231504023	1.448607185
